Year,Site,Trapping_start,Trapping_end,Moth_count,Quantile,yday
2025,1326_recap_daily,120,204,19,Q1,162.72
2025,1326_recap_daily,120,204,19,Q5,165.6
2025,1326_recap_daily,120,204,19,Q10,170
2025,1326_recap_daily,120,204,19,Q25,172
2025,1326_recap_daily,120,204,19,Q50,178
2025,1326_recap_daily,120,204,19,Q75,181
2025,1326_recap_daily,120,204,19,Q90,189.2
2025,1326_recap_daily,120,204,19,Q95,198
2025,1326_recap_daily,120,204,19,Q99,198
2025,1343_recap_daily,140,204,10,Q1,164.99
2025,1343_recap_daily,140,204,10,Q5,168.95
2025,1343_recap_daily,140,204,10,Q10,173.9
2025,1343_recap_daily,140,204,10,Q25,177.25
2025,1343_recap_daily,140,204,10,Q50,179
2025,1343_recap_daily,140,204,10,Q75,194.25
2025,1343_recap_daily,140,204,10,Q90,200.2
2025,1343_recap_daily,140,204,10,Q95,201.1
2025,1343_recap_daily,140,204,10,Q99,201.82
2025,1391_recap_daily,140,204,3,Q1,147.88
2025,1391_recap_daily,140,204,3,Q5,151.4
2025,1391_recap_daily,140,204,3,Q10,155.8
2025,1391_recap_daily,140,204,3,Q25,169
2025,1391_recap_daily,140,204,3,Q50,191
2025,1391_recap_daily,140,204,3,Q75,194
2025,1391_recap_daily,140,204,3,Q90,195.8
2025,1391_recap_daily,140,204,3,Q95,196.4
2025,1391_recap_daily,140,204,3,Q99,196.88
2025,1402_recap_daily,135,204,60,Q1,166.77
2025,1402_recap_daily,135,204,60,Q5,170
2025,1402_recap_daily,135,204,60,Q10,171
2025,1402_recap_daily,135,204,60,Q25,172
2025,1402_recap_daily,135,204,60,Q50,182
2025,1402_recap_daily,135,204,60,Q75,201
2025,1402_recap_daily,135,204,60,Q90,201
2025,1402_recap_daily,135,204,60,Q95,201
2025,1402_recap_daily,135,204,60,Q99,201.82
2025,1449_recap_daily,133,190,21,Q1,144
2025,1449_recap_daily,133,190,21,Q5,144
2025,1449_recap_daily,133,190,21,Q10,144
2025,1449_recap_daily,133,190,21,Q25,175
2025,1449_recap_daily,133,190,21,Q50,186
2025,1449_recap_daily,133,190,21,Q75,186
2025,1449_recap_daily,133,190,21,Q90,186
2025,1449_recap_daily,133,190,21,Q95,187
2025,1449_recap_daily,133,190,21,Q99,187
2025,1451_recap_daily,133,204,41,Q1,161.4
2025,1451_recap_daily,133,204,41,Q5,166
2025,1451_recap_daily,133,204,41,Q10,171
2025,1451_recap_daily,133,204,41,Q25,173
2025,1451_recap_daily,133,204,41,Q50,179
2025,1451_recap_daily,133,204,41,Q75,192
2025,1451_recap_daily,133,204,41,Q90,197
2025,1451_recap_daily,133,204,41,Q95,199
2025,1451_recap_daily,133,204,41,Q99,200.6
2025,1452_recap_daily,139,204,25,Q1,175.48
2025,1452_recap_daily,139,204,25,Q5,177.2
2025,1452_recap_daily,139,204,25,Q10,178.4
2025,1452_recap_daily,139,204,25,Q25,181
2025,1452_recap_daily,139,204,25,Q50,194
2025,1452_recap_daily,139,204,25,Q75,197
2025,1452_recap_daily,139,204,25,Q90,200.4
2025,1452_recap_daily,139,204,25,Q95,202
2025,1452_recap_daily,139,204,25,Q99,202.76
2025,1454_recap_daily,133,204,28,Q1,164.81
2025,1454_recap_daily,133,204,28,Q5,168.05
2025,1454_recap_daily,133,204,28,Q10,170.7
2025,1454_recap_daily,133,204,28,Q25,173
2025,1454_recap_daily,133,204,28,Q50,175
2025,1454_recap_daily,133,204,28,Q75,180.25
2025,1454_recap_daily,133,204,28,Q90,186.2
2025,1454_recap_daily,133,204,28,Q95,190.95
2025,1454_recap_daily,133,204,28,Q99,196.38
2025,1459_recap_daily,120,204,33,Q1,158.28
2025,1459_recap_daily,120,204,33,Q5,161.6
2025,1459_recap_daily,120,204,33,Q10,164.2
2025,1459_recap_daily,120,204,33,Q25,172
2025,1459_recap_daily,120,204,33,Q50,181
2025,1459_recap_daily,120,204,33,Q75,184
2025,1459_recap_daily,120,204,33,Q90,197.8
2025,1459_recap_daily,120,204,33,Q95,201
2025,1459_recap_daily,120,204,33,Q99,201
2025,1485_recap_daily,120,204,115,Q1,163
2025,1485_recap_daily,120,204,115,Q5,166.4
2025,1485_recap_daily,120,204,115,Q10,171
2025,1485_recap_daily,120,204,115,Q25,174
2025,1485_recap_daily,120,204,115,Q50,187
2025,1485_recap_daily,120,204,115,Q75,194
2025,1485_recap_daily,120,204,115,Q90,198.6
2025,1485_recap_daily,120,204,115,Q95,202
2025,1485_recap_daily,120,204,115,Q99,203
2025,1503_recap_daily,120,204,39,Q1,162.42
2025,1503_recap_daily,120,204,39,Q5,172.5
2025,1503_recap_daily,120,204,39,Q10,175.8
2025,1503_recap_daily,120,204,39,Q25,179
2025,1503_recap_daily,120,204,39,Q50,181
2025,1503_recap_daily,120,204,39,Q75,191.5
2025,1503_recap_daily,120,204,39,Q90,196
2025,1503_recap_daily,120,204,39,Q95,197.3
2025,1503_recap_daily,120,204,39,Q99,200
2025,1505_recap_daily,120,204,39,Q1,171
2025,1505_recap_daily,120,204,39,Q5,171
2025,1505_recap_daily,120,204,39,Q10,171
2025,1505_recap_daily,120,204,39,Q25,173
2025,1505_recap_daily,120,204,39,Q50,179
2025,1505_recap_daily,120,204,39,Q75,189
2025,1505_recap_daily,120,204,39,Q90,199
2025,1505_recap_daily,120,204,39,Q95,200
2025,1505_recap_daily,120,204,39,Q99,201.24
2025,1506_recap_daily,120,204,8,Q1,170.07
2025,1506_recap_daily,120,204,8,Q5,170.35
2025,1506_recap_daily,120,204,8,Q10,170.7
2025,1506_recap_daily,120,204,8,Q25,176.25
2025,1506_recap_daily,120,204,8,Q50,182
2025,1506_recap_daily,120,204,8,Q75,193.75
2025,1506_recap_daily,120,204,8,Q90,199
2025,1506_recap_daily,120,204,8,Q95,199
2025,1506_recap_daily,120,204,8,Q99,199
2025,1536_recap_daily,120,204,81,Q1,168
2025,1536_recap_daily,120,204,81,Q5,172
2025,1536_recap_daily,120,204,81,Q10,173
2025,1536_recap_daily,120,204,81,Q25,175
2025,1536_recap_daily,120,204,81,Q50,180
2025,1536_recap_daily,120,204,81,Q75,193
2025,1536_recap_daily,120,204,81,Q90,197
2025,1536_recap_daily,120,204,81,Q95,202
2025,1536_recap_daily,120,204,81,Q99,202
2025,1538_recap_daily,120,204,167,Q1,170
2025,1538_recap_daily,120,204,167,Q5,172.3
2025,1538_recap_daily,120,204,167,Q10,174
2025,1538_recap_daily,120,204,167,Q25,181
2025,1538_recap_daily,120,204,167,Q50,192
2025,1538_recap_daily,120,204,167,Q75,197
2025,1538_recap_daily,120,204,167,Q90,197.4
2025,1538_recap_daily,120,204,167,Q95,202
2025,1538_recap_daily,120,204,167,Q99,203
2025,1542_recap_daily,120,204,103,Q1,156
2025,1542_recap_daily,120,204,103,Q5,156.2
2025,1542_recap_daily,120,204,103,Q10,164
2025,1542_recap_daily,120,204,103,Q25,172.5
2025,1542_recap_daily,120,204,103,Q50,176
2025,1542_recap_daily,120,204,103,Q75,178
2025,1542_recap_daily,120,204,103,Q90,184
2025,1542_recap_daily,120,204,103,Q95,186
2025,1542_recap_daily,120,204,103,Q99,198.98
2025,1547_recap_daily,120,204,107,Q1,156
2025,1547_recap_daily,120,204,107,Q5,165
2025,1547_recap_daily,120,204,107,Q10,173
2025,1547_recap_daily,120,204,107,Q25,176
2025,1547_recap_daily,120,204,107,Q50,185
2025,1547_recap_daily,120,204,107,Q75,193.5
2025,1547_recap_daily,120,204,107,Q90,195
2025,1547_recap_daily,120,204,107,Q95,195.7
2025,1547_recap_daily,120,204,107,Q99,202.88
2025,1548_recap_daily,120,204,293,Q1,165
2025,1548_recap_daily,120,204,293,Q5,165
2025,1548_recap_daily,120,204,293,Q10,170
2025,1548_recap_daily,120,204,293,Q25,172
2025,1548_recap_daily,120,204,293,Q50,184
2025,1548_recap_daily,120,204,293,Q75,195
2025,1548_recap_daily,120,204,293,Q90,199
2025,1548_recap_daily,120,204,293,Q95,201
2025,1548_recap_daily,120,204,293,Q99,202
2025,1549_recap_daily,120,204,149,Q1,167.88
2025,1549_recap_daily,120,204,149,Q5,172
2025,1549_recap_daily,120,204,149,Q10,172
2025,1549_recap_daily,120,204,149,Q25,175
2025,1549_recap_daily,120,204,149,Q50,181
2025,1549_recap_daily,120,204,149,Q75,194
2025,1549_recap_daily,120,204,149,Q90,199
2025,1549_recap_daily,120,204,149,Q95,201
2025,1549_recap_daily,120,204,149,Q99,202
2025,1909_recap_daily,135,159,1,Q1,146
2025,1909_recap_daily,135,159,1,Q5,146
2025,1909_recap_daily,135,159,1,Q10,146
2025,1909_recap_daily,135,159,1,Q25,146
2025,1909_recap_daily,135,159,1,Q50,146
2025,1909_recap_daily,135,159,1,Q75,146
2025,1909_recap_daily,135,159,1,Q90,146
2025,1909_recap_daily,135,159,1,Q95,146
2025,1909_recap_daily,135,159,1,Q99,146
2025,1910_recap_daily,135,203,40,Q1,171
2025,1910_recap_daily,135,203,40,Q5,177.65
2025,1910_recap_daily,135,203,40,Q10,179.9
2025,1910_recap_daily,135,203,40,Q25,186.5
2025,1910_recap_daily,135,203,40,Q50,194.5
2025,1910_recap_daily,135,203,40,Q75,199
2025,1910_recap_daily,135,203,40,Q90,199
2025,1910_recap_daily,135,203,40,Q95,199.1
2025,1910_recap_daily,135,203,40,Q99,201
